INFO: 2024-07-05 20:09:14,141: Data
INFO: 2024-07-05 20:10:37,800: Data
INFO: 2024-07-05 20:10:37,800: Data
INFO: 2024-07-05 20:11:25,103: Data
INFO: 2024-07-05 20:11:25,110: Data shape (110527, 14)
INFO: 2024-07-05 20:11:25,134: Percentage of women: 0.653882342398853
INFO: 2024-07-05 20:11:25,153: Percentage of men: 0.346117657601147
ERROR: 2024-07-05 20:12:05,248: Data shape is incorrect!
