INFO: 2024-07-05 20:07:47,961: Data
INFO: 2024-07-05 20:07:47,971: Data shape (110527, 14)
INFO: 2024-07-05 20:07:47,999: Percentage of women: 0.653882342398853
INFO: 2024-07-05 20:07:48,024: Percentage of men: 0.346117657601147
ERROR: 2024-07-05 20:07:48,036: Data shape is incorrect!
